PAGE 2 - IOC ANALYSIS RESULTS
================================================================================

Page 2 length: 258 runes

Top 50 key lengths by IoC:
Rank   Key Length   IoC Score      
--------------------------------------------------------------------------------
1      83           0.072289       
2      118          0.070621       
3      123          0.065041       
4      121          0.060606       
5      77           0.054113       
6      81           0.053498       
7      131          0.053435       
8      68           0.051471       
9      59           0.051412       
10     92           0.050725       
11     138          0.050725       
12     141          0.049645       
13     95           0.049123       
14     46           0.047826       
15     119          0.047619       
16     74           0.047297       
17     51           0.047059       
18     57           0.046199       
19     61           0.045902       
20     102          0.045752       
21     117          0.045584       
22     104          0.044872       
23     34           0.044818       
24     17           0.043697       
25     107          0.043614       
26     100          0.043333       
27     101          0.042904       
28     86           0.042636       
29     94           0.042553       
30     44           0.041667       
31     11           0.040963       
32     98           0.040816       
33     90           0.040741       
34     79           0.040084       
35     109          0.039755       
36     127          0.039370       
37     56           0.039286       
38     22           0.039256       
39     111          0.039039       
40     8            0.038818       
41     129          0.038760       
42     105          0.038095       
43     66           0.037879       
44     88           0.037879       
45     115          0.037681       
46     31           0.037506       
47     23           0.037418       
48     37           0.037323       
49     43           0.037209       
50     136          0.036765       

================================================================================
FULL RESULTS (all key lengths 1-150)
================================================================================
1      0.035894
2      0.035610
3      0.033470
4      0.036180
5      0.029261
6      0.030823
7      0.036202
8      0.038818
9      0.029992
10     0.028487
11     0.040963
12     0.028175
13     0.036752
14     0.035432
15     0.023475
16     0.036305
17     0.043697
18     0.029304
19     0.033545
20     0.036247
21     0.027528
22     0.039256
23     0.037418
24     0.034091
25     0.026505
26     0.029487
27     0.031481
28     0.035714
29     0.029967
30     0.019841
31     0.037506
32     0.033606
33     0.034271
34     0.044818
35     0.031973
36     0.030423
37     0.037323
38     0.021053
39     0.033455
40     0.034286
41     0.036702
42     0.020408
43     0.037209
44     0.041667
45     0.022963
46     0.047826
47     0.035461
48     0.034028
49     0.035374
50     0.032000
51     0.047059
52     0.032692
53     0.020755
54     0.029012
55     0.026667
56     0.039286
57     0.046199
58     0.027586
59     0.051412
60     0.016667
61     0.045902
62     0.031183
63     0.028042
64     0.035417
65     0.025641
66     0.037879
67     0.032338
68     0.051471
69     0.036232
70     0.030952
71     0.018779
72     0.032407
73     0.036530
74     0.047297
75     0.028889
76     0.006579
77     0.054113
78     0.021368
79     0.040084
80     0.031250
81     0.053498
82     0.018293
83     0.072289
84     0.013889
85     0.035294
86     0.042636
87     0.022989
88     0.037879
89     0.033708
90     0.040741
91     0.029304
92     0.050725
93     0.028674
94     0.042553
95     0.049123
96     0.020833
97     0.034364
98     0.040816
99     0.003367
100    0.043333
101    0.042904
102    0.045752
103    0.016181
104    0.044872
105    0.038095
106    0.022013
107    0.043614
108    0.009259
109    0.039755
110    0.015152
111    0.039039
112    0.029762
113    0.035398
114    0.035088
115    0.037681
116    0.034483
117    0.045584
118    0.070621
119    0.047619
120    0.002778
121    0.060606
122    0.035519
123    0.065041
124    0.013441
125    0.032000
126    0.026455
127    0.039370
128    0.026042
129    0.038760
130    0.015385
131    0.053435
132    0.022727
133    0.015038
134    0.029851
135    0.007407
136    0.036765
137    0.029197
138    0.050725
139    0.014388
140    0.028571
141    0.049645
142    0.000000
143    0.027972
144    0.020833
145    0.020690
146    0.013699
147    0.034014
148    0.006757
149    0.020134
150    0.020000
